0.12533141373155 0.250662827463099 1.2533141373155 1.87997120597322 2.506628274631 3.13328534328875 3.75994241184811 4.38659943227894 5.01325367514626
0.148296244435639 0.296592488871279 1.48296244435472 2.22444366653378 2.96592486939021 3.70740198578447 4.44877600729759 5.18935333005205 5.92693238985567
0.163615348626325 0.327230697252651 1.63615348079612 2.45422385268259 3.27207117349907 4.08822804791876 4.89874344658665 5.69743257231131 6.47728810211127
0.181949656544652 0.363899313037508 1.81911036224263 2.72482500992381 3.61964654634215 4.49505987446402 5.3435421022147 6.15939150227305 6.93876402734629
0.221144163574085 0.440288560450508 2.12160763752383 3.10800030367538 4.04551805496956 4.93499467925811 5.77747122779093 6.57417481330972 7.32649473622823
0.505723549761693 0.784281487696932 2.60913729849153 3.59680641907304 4.51300674466198 5.37025257858372 6.17568553931448 6.93401180509177 7.64866685348828
1.27857547740973 1.52486807107193 3.19722031183401 4.11369678426773 4.96745892585857 5.7692648108474 6.52533751677886 7.23975810895602 7.91545826245617
2.14040674768718 2.33457882523911 3.77024634507826 4.59514817892444 5.37654200067431 6.11895439438652 6.82525246886592 7.4974448943565 8.13705803594229
2.8681757492173 3.02856315145882 4.27268616594031 5.01507933951552 5.73042017342736 6.41873738586405 7.0800882897128 7.71457127686314 8.32233833794882
3.44624069794832 3.58633559799754 4.69460072693402 5.37095892742077 6.03131418791587 6.67362727499056 7.29633925504594 7.8982659388154 8.47853099682811
3.90463211686511 4.0317257930519 5.04439610857259 5.66981509930054 6.28595490438964 6.89023708560603 7.48042787512659 8.05464718881996 8.61135949440989
4.27308422917344 4.39120047118528 5.33474998610389 5.92098757072925 6.50186864047738 7.07498616697324 7.63799447461611 8.18873338549359 8.72530346857291
4.57414357251797 4.68568323976716 5.57751421665273 6.13326640587973 6.68591450426162 7.23346492981507 7.77374116025242 8.30455903169597 8.82386357160023
